0 0.247709 0.157213 0.252291 0.255240
0 0.172877 0.398890 0.254123 0.267571
0 0.113317 0.642417 0.224191 0.266338
0 0.071472 0.869297 0.138057 0.251541
0 0.492975 0.115906 0.252902 0.226880
0 0.421503 0.335388 0.254123 0.258940
0 0.346365 0.572750 0.257789 0.265105
0 0.667379 0.269420 0.254734 0.260173
1 0.893403 0.194205 0.210751 0.260173
1 0.849114 0.438964 0.260232 0.261406
1 0.596518 0.509248 0.257178 0.261406
1 0.525046 0.749075 0.262065 0.267571
1 0.269701 0.814427 0.262065 0.272503
1 0.780696 0.682491 0.265119 0.262639
1 0.708002 0.889026 0.267563 0.204686
