1 0.202505 0.501233 0.111790 0.099877
1 0.315516 0.500000 0.109346 0.097411
1 0.426084 0.500000 0.108125 0.102343
1 0.537569 0.502466 0.107514 0.104809
1 0.648137 0.501233 0.108735 0.104809
1 0.759316 0.501233 0.112401 0.102343
1 0.445021 0.884094 0.158216 0.165228
0 0.587660 0.889026 0.136836 0.157830
0 0.189065 0.675709 0.119120 0.113440
0 0.309102 0.675709 0.117288 0.118372
0 0.430666 0.676942 0.120953 0.115906
0 0.552535 0.672626 0.116677 0.117139
0 0.671961 0.669544 0.119731 0.113440
0 0.791998 0.668927 0.119120 0.112207
