1 0.188760 0.442047 0.106292 0.109741
1 0.295663 0.441430 0.107514 0.110974
1 0.402260 0.441430 0.105681 0.108508
1 0.509469 0.442663 0.105070 0.103576
1 0.617899 0.441430 0.109346 0.101110
1 0.729688 0.440814 0.113012 0.104809
1 0.183568 0.535142 0.106903 0.078915
1 0.293525 0.538224 0.106903 0.077682
1 0.401649 0.536991 0.106903 0.077682
1 0.509469 0.535758 0.107514 0.077682
1 0.621258 0.535142 0.107514 0.081381
1 0.734881 0.533909 0.117288 0.078915
1 0.361026 0.905055 0.150275 0.157830
1 0.504582 0.905672 0.149053 0.146732
0 0.799939 0.866831 0.156995 0.160296
0 0.693341 0.778052 0.133170 0.140567
0 0.635919 0.876079 0.158827 0.163995
0 0.177153 0.655980 0.122175 0.113440
0 0.293219 0.656597 0.118509 0.114673
0 0.411118 0.655980 0.118509 0.115906
0 0.530544 0.651665 0.116677 0.119605
0 0.651191 0.654131 0.120953 0.117139
0 0.774282 0.657830 0.125229 0.122072
0 0.147526 0.734895 0.125229 0.098644
0 0.273671 0.734895 0.125840 0.091245
0 0.401038 0.734895 0.128894 0.086313
0 0.534820 0.740444 0.132560 0.102343
0 0.801466 0.739827 0.127062 0.093711
